status,image_path,error_type,confidence,iou,notes
FP,data/valid/images/train_597_png.rf.df13092f303aa3814117236eb6e9649b.jpg,false_positive,0.057669,0.0,
FP,data/train/images/train_128_png.rf.91dd5f1a7491ef69b3324d71b0969a72.jpg,false_positive,0.057669,0.0,
FP,data/train/images/train_479_png.rf.5de2087d8b69ea10dc2bbdfa94c48544.jpg,localization_error,0.057667,0.11817,
FP,data/valid/images/train_281_png.rf.5b5d87910cd358fa94e12101c0a5bc61.jpg,false_positive,0.057666,0.0,
FP,data/valid/images/train_281_png.rf.5b5d87910cd358fa94e12101c0a5bc61.jpg,false_positive,0.057666,0.0,
FP,data/valid/images/train_156_png.rf.bf0ead8b448e5631cf95efbc2bfabf3f.jpg,false_positive,0.057666,0.0,
FP,data/train/images/train_128_png.rf.91dd5f1a7491ef69b3324d71b0969a72.jpg,false_positive,0.057666,0.0,
FP,data/valid/images/train_597_png.rf.df13092f303aa3814117236eb6e9649b.jpg,false_positive,0.057665,0.0,
FP,data/valid/images/train_663_png.rf.06b7337f125cf0967596522defba0f49.jpg,false_positive,0.057665,0.0,
FP,data/valid/images/train_281_png.rf.5b5d87910cd358fa94e12101c0a5bc61.jpg,false_positive,0.057665,0.0,
FP,data/valid/images/train_597_png.rf.df13092f303aa3814117236eb6e9649b.jpg,false_positive,0.057665,0.0,
FP,data/train/images/train_479_png.rf.5de2087d8b69ea10dc2bbdfa94c48544.jpg,localization_error,0.057665,0.005295,
FP,data/train/images/train_128_png.rf.91dd5f1a7491ef69b3324d71b0969a72.jpg,false_positive,0.057664,0.0,
FP,data/valid/images/train_281_png.rf.5b5d87910cd358fa94e12101c0a5bc61.jpg,false_positive,0.057664,0.0,
FP,data/valid/images/train_281_png.rf.5b5d87910cd358fa94e12101c0a5bc61.jpg,false_positive,0.057664,0.0,
FP,data/valid/images/train_281_png.rf.5b5d87910cd358fa94e12101c0a5bc61.jpg,false_positive,0.057664,0.0,
FP,data/train/images/train_128_png.rf.91dd5f1a7491ef69b3324d71b0969a72.jpg,false_positive,0.057664,0.0,
FP,data/valid/images/train_281_png.rf.5b5d87910cd358fa94e12101c0a5bc61.jpg,false_positive,0.057664,0.0,
FP,data/valid/images/train_597_png.rf.df13092f303aa3814117236eb6e9649b.jpg,false_positive,0.057664,0.0,
FP,data/valid/images/train_156_png.rf.bf0ead8b448e5631cf95efbc2bfabf3f.jpg,false_positive,0.057664,0.0,
FP,data/valid/images/train_188_png.rf.ebf761f2ecc6c0218831fb281dde4b15.jpg,false_positive,0.057663,0.0,
FP,data/train/images/train_479_png.rf.5de2087d8b69ea10dc2bbdfa94c48544.jpg,localization_error,0.057663,0.325021,
FP,data/valid/images/train_156_png.rf.bf0ead8b448e5631cf95efbc2bfabf3f.jpg,false_positive,0.057663,0.0,
FP,data/train/images/train_128_png.rf.91dd5f1a7491ef69b3324d71b0969a72.jpg,false_positive,0.057663,0.0,
FP,data/valid/images/train_281_png.rf.5b5d87910cd358fa94e12101c0a5bc61.jpg,false_positive,0.057663,0.0,
FP,data/train/images/train_301_png.rf.1035d42dd6d013869faf583a86b815af.jpg,localization_error,0.057662,0.033279,
FP,data/train/images/train_644_png.rf.47bfac618c607e9be2f94aadd8a3fa69.jpg,false_positive,0.057662,0.0,
FP,data/train/images/train_128_png.rf.91dd5f1a7491ef69b3324d71b0969a72.jpg,false_positive,0.057662,0.0,
FP,data/valid/images/train_597_png.rf.df13092f303aa3814117236eb6e9649b.jpg,false_positive,0.057662,0.0,
FP,data/train/images/train_644_png.rf.47bfac618c607e9be2f94aadd8a3fa69.jpg,false_positive,0.057662,0.0,
FP,data/valid/images/train_281_png.rf.5b5d87910cd358fa94e12101c0a5bc61.jpg,false_positive,0.057662,0.0,
FP,data/valid/images/train_156_png.rf.bf0ead8b448e5631cf95efbc2bfabf3f.jpg,false_positive,0.057662,0.0,
FP,data/train/images/train_391_png.rf.781f0586045b5482674c5a1d6de79790.jpg,false_positive,0.057662,0.0,
FP,data/train/images/train_128_png.rf.91dd5f1a7491ef69b3324d71b0969a72.jpg,false_positive,0.057662,0.0,
FP,data/valid/images/train_281_png.rf.5b5d87910cd358fa94e12101c0a5bc61.jpg,false_positive,0.057662,0.0,
FP,data/valid/images/train_281_png.rf.5b5d87910cd358fa94e12101c0a5bc61.jpg,false_positive,0.057662,0.0,
FP,data/valid/images/train_597_png.rf.df13092f303aa3814117236eb6e9649b.jpg,false_positive,0.057662,0.0,
FP,data/train/images/train_479_png.rf.5de2087d8b69ea10dc2bbdfa94c48544.jpg,false_positive,0.057662,0.0,
FP,data/train/images/train_301_png.rf.1035d42dd6d013869faf583a86b815af.jpg,localization_error,0.057661,0.124284,
FP,data/valid/images/train_281_png.rf.5b5d87910cd358fa94e12101c0a5bc61.jpg,false_positive,0.057661,0.0,
FP,data/train/images/train_128_png.rf.91dd5f1a7491ef69b3324d71b0969a72.jpg,false_positive,0.057661,0.0,
FP,data/valid/images/train_663_png.rf.06b7337f125cf0967596522defba0f49.jpg,false_positive,0.057661,0.0,
FP,data/train/images/train_532_png.rf.60d070fc7ecca35b9d3fb2bf251649f1.jpg,false_positive,0.057661,0.0,
FP,data/valid/images/train_156_png.rf.bf0ead8b448e5631cf95efbc2bfabf3f.jpg,false_positive,0.057661,0.0,
FP,data/train/images/train_128_png.rf.91dd5f1a7491ef69b3324d71b0969a72.jpg,false_positive,0.057661,0.0,
FP,data/train/images/train_479_png.rf.5de2087d8b69ea10dc2bbdfa94c48544.jpg,false_positive,0.057661,0.0,
FP,data/train/images/train_206_png.rf.adab03495ab5a63473573f386a8915c7.jpg,false_positive,0.057661,0.0,
FP,data/train/images/train_532_png.rf.60d070fc7ecca35b9d3fb2bf251649f1.jpg,false_positive,0.057661,0.0,
FP,data/valid/images/train_156_png.rf.bf0ead8b448e5631cf95efbc2bfabf3f.jpg,false_positive,0.057661,0.0,
FP,data/train/images/train_479_png.rf.5de2087d8b69ea10dc2bbdfa94c48544.jpg,false_positive,0.057661,0.0,
FP,data/train/images/train_532_png.rf.60d070fc7ecca35b9d3fb2bf251649f1.jpg,false_positive,0.057661,0.0,
FP,data/train/images/train_532_png.rf.60d070fc7ecca35b9d3fb2bf251649f1.jpg,false_positive,0.05766,0.0,
FP,data/train/images/train_301_png.rf.1035d42dd6d013869faf583a86b815af.jpg,false_positive,0.05766,0.0,
FP,data/valid/images/train_597_png.rf.df13092f303aa3814117236eb6e9649b.jpg,false_positive,0.05766,0.0,
FP,data/train/images/train_644_png.rf.47bfac618c607e9be2f94aadd8a3fa69.jpg,false_positive,0.05766,0.0,
FP,data/train/images/train_501_png.rf.977aeb65c869b4e2845974aea451199c.jpg,false_positive,0.05766,0.0,
FP,data/valid/images/train_281_png.rf.5b5d87910cd358fa94e12101c0a5bc61.jpg,false_positive,0.05766,0.0,
FP,data/train/images/train_479_png.rf.5de2087d8b69ea10dc2bbdfa94c48544.jpg,localization_error,0.05766,0.167559,
FP,data/train/images/train_501_png.rf.977aeb65c869b4e2845974aea451199c.jpg,false_positive,0.05766,0.0,
FP,data/valid/images/train_200_png.rf.ee490b379e304a08eca4b790b83f423a.jpg,false_positive,0.05766,0.0,
FP,data/train/images/train_479_png.rf.5de2087d8b69ea10dc2bbdfa94c48544.jpg,false_positive,0.05766,0.0,
FP,data/valid/images/train_281_png.rf.5b5d87910cd358fa94e12101c0a5bc61.jpg,false_positive,0.05766,0.0,
FP,data/train/images/train_479_png.rf.5de2087d8b69ea10dc2bbdfa94c48544.jpg,localization_error,0.05766,0.445423,
FP,data/train/images/train_128_png.rf.91dd5f1a7491ef69b3324d71b0969a72.jpg,false_positive,0.05766,0.0,
FP,data/train/images/train_391_png.rf.781f0586045b5482674c5a1d6de79790.jpg,false_positive,0.05766,0.0,
FP,data/train/images/train_501_png.rf.977aeb65c869b4e2845974aea451199c.jpg,false_positive,0.057659,0.0,
FP,data/train/images/train_128_png.rf.91dd5f1a7491ef69b3324d71b0969a72.jpg,false_positive,0.057659,0.0,
FP,data/valid/images/train_663_png.rf.06b7337f125cf0967596522defba0f49.jpg,false_positive,0.057659,0.0,
FP,data/valid/images/train_188_png.rf.ebf761f2ecc6c0218831fb281dde4b15.jpg,localization_error,0.057659,0.042281,
FP,data/valid/images/train_663_png.rf.06b7337f125cf0967596522defba0f49.jpg,false_positive,0.057659,0.0,
FP,data/valid/images/train_597_png.rf.df13092f303aa3814117236eb6e9649b.jpg,false_positive,0.057659,0.0,
FP,data/valid/images/train_597_png.rf.df13092f303aa3814117236eb6e9649b.jpg,false_positive,0.057659,0.0,
FP,data/valid/images/train_663_png.rf.06b7337f125cf0967596522defba0f49.jpg,false_positive,0.057659,0.0,
FP,data/train/images/train_128_png.rf.91dd5f1a7491ef69b3324d71b0969a72.jpg,false_positive,0.057659,0.0,
FP,data/train/images/train_479_png.rf.5de2087d8b69ea10dc2bbdfa94c48544.jpg,false_positive,0.057659,0.0,
FP,data/train/images/train_128_png.rf.91dd5f1a7491ef69b3324d71b0969a72.jpg,false_positive,0.057659,0.0,
FP,data/valid/images/train_188_png.rf.ebf761f2ecc6c0218831fb281dde4b15.jpg,false_positive,0.057659,0.0,
FP,data/train/images/train_479_png.rf.5de2087d8b69ea10dc2bbdfa94c48544.jpg,false_positive,0.057659,0.0,
FP,data/train/images/train_644_png.rf.47bfac618c607e9be2f94aadd8a3fa69.jpg,false_positive,0.057659,0.0,
FP,data/train/images/train_532_png.rf.60d070fc7ecca35b9d3fb2bf251649f1.jpg,localization_error,0.057659,0.053398,
FP,data/valid/images/train_281_png.rf.5b5d87910cd358fa94e12101c0a5bc61.jpg,false_positive,0.057659,0.0,
FP,data/train/images/train_531_png.rf.689ca61ec95823c5150877d8c289e4cd.jpg,false_positive,0.057659,0.0,
FP,data/train/images/train_301_png.rf.1035d42dd6d013869faf583a86b815af.jpg,false_positive,0.057659,0.0,
FP,data/valid/images/train_597_png.rf.df13092f303aa3814117236eb6e9649b.jpg,false_positive,0.057659,0.0,
FP,data/valid/images/train_281_png.rf.5b5d87910cd358fa94e12101c0a5bc61.jpg,false_positive,0.057659,0.0,
FP,data/train/images/train_391_png.rf.781f0586045b5482674c5a1d6de79790.jpg,false_positive,0.057658,0.0,
FP,data/valid/images/train_281_png.rf.5b5d87910cd358fa94e12101c0a5bc61.jpg,false_positive,0.057658,0.0,
FP,data/train/images/train_301_png.rf.1035d42dd6d013869faf583a86b815af.jpg,localization_error,0.057658,0.162682,
FP,data/train/images/train_532_png.rf.60d070fc7ecca35b9d3fb2bf251649f1.jpg,localization_error,0.057658,0.359239,
FP,data/valid/images/train_488_png.rf.f23f8aa61e85b2be4d00fa1f8d3727b9.jpg,localization_error,0.057658,0.170516,
FP,data/train/images/train_128_png.rf.91dd5f1a7491ef69b3324d71b0969a72.jpg,false_positive,0.057658,0.0,
FP,data/train/images/train_301_png.rf.1035d42dd6d013869faf583a86b815af.jpg,localization_error,0.057658,0.134681,
FP,data/train/images/train_644_png.rf.47bfac618c607e9be2f94aadd8a3fa69.jpg,false_positive,0.057658,0.0,
FP,data/valid/images/train_281_png.rf.5b5d87910cd358fa94e12101c0a5bc61.jpg,false_positive,0.057658,0.0,
FP,data/train/images/train_532_png.rf.60d070fc7ecca35b9d3fb2bf251649f1.jpg,false_positive,0.057658,0.0,
FP,data/train/images/train_532_png.rf.60d070fc7ecca35b9d3fb2bf251649f1.jpg,false_positive,0.057658,0.0,
FP,data/valid/images/train_200_png.rf.ee490b379e304a08eca4b790b83f423a.jpg,false_positive,0.057658,0.0,
FP,data/valid/images/train_281_png.rf.5b5d87910cd358fa94e12101c0a5bc61.jpg,false_positive,0.057658,0.0,
FP,data/train/images/train_644_png.rf.47bfac618c607e9be2f94aadd8a3fa69.jpg,false_positive,0.057658,0.0,
FP,data/valid/images/train_156_png.rf.bf0ead8b448e5631cf95efbc2bfabf3f.jpg,false_positive,0.057658,0.0,
FP,data/valid/images/train_281_png.rf.5b5d87910cd358fa94e12101c0a5bc61.jpg,false_positive,0.057658,0.0,
FP,data/train/images/train_479_png.rf.5de2087d8b69ea10dc2bbdfa94c48544.jpg,false_positive,0.057658,0.0,
FP,data/train/images/train_501_png.rf.977aeb65c869b4e2845974aea451199c.jpg,false_positive,0.057658,0.0,
FP,data/valid/images/train_597_png.rf.df13092f303aa3814117236eb6e9649b.jpg,false_positive,0.057658,0.0,
FP,data/valid/images/train_597_png.rf.df13092f303aa3814117236eb6e9649b.jpg,false_positive,0.057658,0.0,
FP,data/valid/images/train_597_png.rf.df13092f303aa3814117236eb6e9649b.jpg,false_positive,0.057658,0.0,
FP,data/train/images/train_479_png.rf.5de2087d8b69ea10dc2bbdfa94c48544.jpg,localization_error,0.057658,0.052651,
FP,data/train/images/train_301_png.rf.1035d42dd6d013869faf583a86b815af.jpg,false_positive,0.057658,0.0,
FP,data/valid/images/train_200_png.rf.ee490b379e304a08eca4b790b83f423a.jpg,false_positive,0.057658,0.0,
FP,data/valid/images/train_188_png.rf.ebf761f2ecc6c0218831fb281dde4b15.jpg,false_positive,0.057658,0.0,
FP,data/train/images/train_128_png.rf.91dd5f1a7491ef69b3324d71b0969a72.jpg,false_positive,0.057658,0.0,
FP,data/train/images/train_670_png.rf.54e2b3cedb8d9dc3420f1c7f3ccda399.jpg,localization_error,0.057658,0.166863,
FP,data/train/images/train_301_png.rf.1035d42dd6d013869faf583a86b815af.jpg,localization_error,0.057658,0.283633,
FP,data/train/images/train_301_png.rf.1035d42dd6d013869faf583a86b815af.jpg,false_positive,0.057658,0.0,
FP,data/train/images/train_531_png.rf.689ca61ec95823c5150877d8c289e4cd.jpg,localization_error,0.057658,0.176096,
FP,data/train/images/train_532_png.rf.60d070fc7ecca35b9d3fb2bf251649f1.jpg,false_positive,0.057658,0.0,
FP,data/train/images/train_128_png.rf.91dd5f1a7491ef69b3324d71b0969a72.jpg,false_positive,0.057658,0.0,
FP,data/train/images/train_128_png.rf.91dd5f1a7491ef69b3324d71b0969a72.jpg,false_positive,0.057658,0.0,
FP,data/train/images/train_206_png.rf.adab03495ab5a63473573f386a8915c7.jpg,false_positive,0.057658,0.0,
FP,data/train/images/train_670_png.rf.54e2b3cedb8d9dc3420f1c7f3ccda399.jpg,localization_error,0.057657,0.078268,
FP,data/valid/images/train_281_png.rf.5b5d87910cd358fa94e12101c0a5bc61.jpg,false_positive,0.057657,0.0,
FP,data/valid/images/train_597_png.rf.df13092f303aa3814117236eb6e9649b.jpg,false_positive,0.057657,0.0,
FP,data/train/images/train_479_png.rf.5de2087d8b69ea10dc2bbdfa94c48544.jpg,false_positive,0.057657,0.0,
FP,data/train/images/train_501_png.rf.977aeb65c869b4e2845974aea451199c.jpg,false_positive,0.057657,0.0,
FP,data/train/images/train_644_png.rf.47bfac618c607e9be2f94aadd8a3fa69.jpg,false_positive,0.057657,0.0,
FP,data/train/images/train_301_png.rf.1035d42dd6d013869faf583a86b815af.jpg,false_positive,0.057657,0.0,
FP,data/valid/images/train_156_png.rf.bf0ead8b448e5631cf95efbc2bfabf3f.jpg,false_positive,0.057657,0.0,
FP,data/train/images/train_391_png.rf.781f0586045b5482674c5a1d6de79790.jpg,false_positive,0.057657,0.0,
FP,data/train/images/train_391_png.rf.781f0586045b5482674c5a1d6de79790.jpg,localization_error,0.057657,0.014642,
FP,data/train/images/train_479_png.rf.5de2087d8b69ea10dc2bbdfa94c48544.jpg,false_positive,0.057657,0.0,
FP,data/valid/images/train_200_png.rf.ee490b379e304a08eca4b790b83f423a.jpg,false_positive,0.057657,0.0,
FP,data/valid/images/train_281_png.rf.5b5d87910cd358fa94e12101c0a5bc61.jpg,false_positive,0.057657,0.0,
FP,data/train/images/train_391_png.rf.781f0586045b5482674c5a1d6de79790.jpg,false_positive,0.057657,0.0,
FP,data/train/images/train_644_png.rf.47bfac618c607e9be2f94aadd8a3fa69.jpg,false_positive,0.057657,0.0,
FP,data/valid/images/train_597_png.rf.df13092f303aa3814117236eb6e9649b.jpg,false_positive,0.057657,0.0,
FP,data/train/images/train_391_png.rf.781f0586045b5482674c5a1d6de79790.jpg,localization_error,0.057657,0.064053,
FP,data/train/images/train_501_png.rf.977aeb65c869b4e2845974aea451199c.jpg,false_positive,0.057657,0.0,
FP,data/valid/images/train_281_png.rf.5b5d87910cd358fa94e12101c0a5bc61.jpg,false_positive,0.057657,0.0,
FP,data/train/images/train_670_png.rf.54e2b3cedb8d9dc3420f1c7f3ccda399.jpg,localization_error,0.057657,0.179712,
FP,data/train/images/train_644_png.rf.47bfac618c607e9be2f94aadd8a3fa69.jpg,false_positive,0.057657,0.0,
FP,data/train/images/train_128_png.rf.91dd5f1a7491ef69b3324d71b0969a72.jpg,false_positive,0.057657,0.0,
FP,data/valid/images/train_281_png.rf.5b5d87910cd358fa94e12101c0a5bc61.jpg,false_positive,0.057657,0.0,
FP,data/valid/images/train_156_png.rf.bf0ead8b448e5631cf95efbc2bfabf3f.jpg,false_positive,0.057657,0.0,
FP,data/train/images/train_128_png.rf.91dd5f1a7491ef69b3324d71b0969a72.jpg,false_positive,0.057657,0.0,
FP,data/valid/images/train_597_png.rf.df13092f303aa3814117236eb6e9649b.jpg,false_positive,0.057657,0.0,
FP,data/train/images/train_128_png.rf.91dd5f1a7491ef69b3324d71b0969a72.jpg,false_positive,0.057657,0.0,
FP,data/train/images/train_128_png.rf.91dd5f1a7491ef69b3324d71b0969a72.jpg,false_positive,0.057657,0.0,
FP,data/valid/images/train_597_png.rf.df13092f303aa3814117236eb6e9649b.jpg,false_positive,0.057657,0.0,
FP,data/train/images/train_531_png.rf.689ca61ec95823c5150877d8c289e4cd.jpg,false_positive,0.057657,0.0,
FP,data/train/images/train_670_png.rf.54e2b3cedb8d9dc3420f1c7f3ccda399.jpg,false_positive,0.057657,0.0,
FP,data/train/images/train_479_png.rf.5de2087d8b69ea10dc2bbdfa94c48544.jpg,false_positive,0.057657,0.0,
FP,data/train/images/train_670_png.rf.54e2b3cedb8d9dc3420f1c7f3ccda399.jpg,localization_error,0.057657,0.297597,
FP,data/train/images/train_479_png.rf.5de2087d8b69ea10dc2bbdfa94c48544.jpg,false_positive,0.057657,0.0,
FP,data/train/images/train_479_png.rf.5de2087d8b69ea10dc2bbdfa94c48544.jpg,false_positive,0.057657,0.0,
FP,data/valid/images/train_156_png.rf.bf0ead8b448e5631cf95efbc2bfabf3f.jpg,false_positive,0.057656,0.0,
FP,data/valid/images/train_281_png.rf.5b5d87910cd358fa94e12101c0a5bc61.jpg,false_positive,0.057656,0.0,
FP,data/train/images/train_128_png.rf.91dd5f1a7491ef69b3324d71b0969a72.jpg,false_positive,0.057656,0.0,
FP,data/train/images/train_206_png.rf.adab03495ab5a63473573f386a8915c7.jpg,false_positive,0.057656,0.0,
FP,data/train/images/train_301_png.rf.1035d42dd6d013869faf583a86b815af.jpg,false_positive,0.057656,0.0,
FP,data/train/images/train_501_png.rf.977aeb65c869b4e2845974aea451199c.jpg,false_positive,0.057656,0.0,
FP,data/train/images/train_532_png.rf.60d070fc7ecca35b9d3fb2bf251649f1.jpg,localization_error,0.057656,0.119074,
FP,data/train/images/train_644_png.rf.47bfac618c607e9be2f94aadd8a3fa69.jpg,false_positive,0.057656,0.0,
FP,data/train/images/train_531_png.rf.689ca61ec95823c5150877d8c289e4cd.jpg,false_positive,0.057656,0.0,
FP,data/train/images/train_206_png.rf.adab03495ab5a63473573f386a8915c7.jpg,false_positive,0.057656,0.0,
FP,data/train/images/train_670_png.rf.54e2b3cedb8d9dc3420f1c7f3ccda399.jpg,false_positive,0.057656,0.0,
FP,data/train/images/train_531_png.rf.689ca61ec95823c5150877d8c289e4cd.jpg,localization_error,0.057656,0.393694,
FP,data/train/images/train_206_png.rf.adab03495ab5a63473573f386a8915c7.jpg,false_positive,0.057656,0.0,
FP,data/train/images/train_206_png.rf.adab03495ab5a63473573f386a8915c7.jpg,false_positive,0.057656,0.0,
FP,data/train/images/train_391_png.rf.781f0586045b5482674c5a1d6de79790.jpg,false_positive,0.057656,0.0,
FP,data/train/images/train_479_png.rf.5de2087d8b69ea10dc2bbdfa94c48544.jpg,false_positive,0.057656,0.0,
FP,data/train/images/train_479_png.rf.5de2087d8b69ea10dc2bbdfa94c48544.jpg,false_positive,0.057656,0.0,
FP,data/train/images/train_393_png.rf.cafa1e56a0c5c293fb1359b1ad30edec.jpg,false_positive,0.057656,0.0,
FP,data/train/images/train_479_png.rf.5de2087d8b69ea10dc2bbdfa94c48544.jpg,false_positive,0.057656,0.0,
FP,data/valid/images/train_156_png.rf.bf0ead8b448e5631cf95efbc2bfabf3f.jpg,false_positive,0.057656,0.0,
FP,data/valid/images/train_281_png.rf.5b5d87910cd358fa94e12101c0a5bc61.jpg,false_positive,0.057656,0.0,
FP,data/train/images/train_128_png.rf.91dd5f1a7491ef69b3324d71b0969a72.jpg,false_positive,0.057656,0.0,
FP,data/train/images/train_501_png.rf.977aeb65c869b4e2845974aea451199c.jpg,false_positive,0.057656,0.0,
FP,data/valid/images/train_281_png.rf.5b5d87910cd358fa94e12101c0a5bc61.jpg,false_positive,0.057656,0.0,
FP,data/valid/images/train_281_png.rf.5b5d87910cd358fa94e12101c0a5bc61.jpg,false_positive,0.057656,0.0,
FP,data/train/images/train_393_png.rf.cafa1e56a0c5c293fb1359b1ad30edec.jpg,false_positive,0.057656,0.0,
FP,data/train/images/train_532_png.rf.60d070fc7ecca35b9d3fb2bf251649f1.jpg,localization_error,0.057656,0.025439,
FP,data/valid/images/train_663_png.rf.06b7337f125cf0967596522defba0f49.jpg,false_positive,0.057656,0.0,
FP,data/valid/images/train_597_png.rf.df13092f303aa3814117236eb6e9649b.jpg,false_positive,0.057656,0.0,
FP,data/valid/images/train_597_png.rf.df13092f303aa3814117236eb6e9649b.jpg,false_positive,0.057656,0.0,
FP,data/train/images/train_128_png.rf.91dd5f1a7491ef69b3324d71b0969a72.jpg,false_positive,0.057656,0.0,
FP,data/valid/images/train_663_png.rf.06b7337f125cf0967596522defba0f49.jpg,false_positive,0.057656,0.0,
FP,data/train/images/train_128_png.rf.91dd5f1a7491ef69b3324d71b0969a72.jpg,false_positive,0.057656,0.0,
FP,data/train/images/train_644_png.rf.47bfac618c607e9be2f94aadd8a3fa69.jpg,false_positive,0.057656,0.0,
FP,data/valid/images/train_597_png.rf.df13092f303aa3814117236eb6e9649b.jpg,false_positive,0.057656,0.0,
FP,data/train/images/train_501_png.rf.977aeb65c869b4e2845974aea451199c.jpg,false_positive,0.057656,0.0,
FP,data/valid/images/train_597_png.rf.df13092f303aa3814117236eb6e9649b.jpg,false_positive,0.057656,0.0,
FP,data/train/images/train_128_png.rf.91dd5f1a7491ef69b3324d71b0969a72.jpg,false_positive,0.057656,0.0,
FP,data/valid/images/train_281_png.rf.5b5d87910cd358fa94e12101c0a5bc61.jpg,false_positive,0.057656,0.0,
FP,data/valid/images/train_188_png.rf.ebf761f2ecc6c0218831fb281dde4b15.jpg,localization_error,0.057656,0.162054,
FP,data/train/images/train_644_png.rf.47bfac618c607e9be2f94aadd8a3fa69.jpg,false_positive,0.057656,0.0,
FP,data/valid/images/train_663_png.rf.06b7337f125cf0967596522defba0f49.jpg,false_positive,0.057656,0.0,
FP,data/train/images/train_501_png.rf.977aeb65c869b4e2845974aea451199c.jpg,false_positive,0.057656,0.0,
FP,data/train/images/train_670_png.rf.54e2b3cedb8d9dc3420f1c7f3ccda399.jpg,localization_error,0.057656,0.101229,
FP,data/valid/images/train_200_png.rf.ee490b379e304a08eca4b790b83f423a.jpg,false_positive,0.057656,0.0,
FP,data/valid/images/train_281_png.rf.5b5d87910cd358fa94e12101c0a5bc61.jpg,false_positive,0.057656,0.0,
FP,data/valid/images/train_281_png.rf.5b5d87910cd358fa94e12101c0a5bc61.jpg,localization_error,0.057656,0.244479,
FP,data/train/images/train_479_png.rf.5de2087d8b69ea10dc2bbdfa94c48544.jpg,false_positive,0.057656,0.0,
FP,data/train/images/train_532_png.rf.60d070fc7ecca35b9d3fb2bf251649f1.jpg,false_positive,0.057656,0.0,
FP,data/train/images/train_531_png.rf.689ca61ec95823c5150877d8c289e4cd.jpg,false_positive,0.057656,0.0,
FP,data/valid/images/train_281_png.rf.5b5d87910cd358fa94e12101c0a5bc61.jpg,false_positive,0.057656,0.0,
FP,data/train/images/train_301_png.rf.1035d42dd6d013869faf583a86b815af.jpg,false_positive,0.057656,0.0,
FP,data/train/images/train_128_png.rf.91dd5f1a7491ef69b3324d71b0969a72.jpg,false_positive,0.057656,0.0,
FP,data/train/images/train_301_png.rf.1035d42dd6d013869faf583a86b815af.jpg,false_positive,0.057655,0.0,
FP,data/train/images/train_128_png.rf.91dd5f1a7491ef69b3324d71b0969a72.jpg,false_positive,0.057655,0.0,
FP,data/valid/images/train_156_png.rf.bf0ead8b448e5631cf95efbc2bfabf3f.jpg,false_positive,0.057655,0.0,
FP,data/train/images/train_206_png.rf.adab03495ab5a63473573f386a8915c7.jpg,false_positive,0.057655,0.0,
FP,data/train/images/train_479_png.rf.5de2087d8b69ea10dc2bbdfa94c48544.jpg,false_positive,0.057655,0.0,
FP,data/train/images/train_531_png.rf.689ca61ec95823c5150877d8c289e4cd.jpg,false_positive,0.057655,0.0,
FP,data/train/images/train_644_png.rf.47bfac618c607e9be2f94aadd8a3fa69.jpg,false_positive,0.057655,0.0,
FP,data/train/images/train_644_png.rf.47bfac618c607e9be2f94aadd8a3fa69.jpg,false_positive,0.057655,0.0,
FP,data/train/images/train_501_png.rf.977aeb65c869b4e2845974aea451199c.jpg,false_positive,0.057655,0.0,
FP,data/valid/images/train_488_png.rf.f23f8aa61e85b2be4d00fa1f8d3727b9.jpg,false_positive,0.057655,0.0,
FP,data/train/images/train_391_png.rf.781f0586045b5482674c5a1d6de79790.jpg,false_positive,0.057655,0.0,
FP,data/valid/images/train_156_png.rf.bf0ead8b448e5631cf95efbc2bfabf3f.jpg,false_positive,0.057655,0.0,
FP,data/train/images/train_206_png.rf.adab03495ab5a63473573f386a8915c7.jpg,false_positive,0.057655,0.0,
FP,data/train/images/train_531_png.rf.689ca61ec95823c5150877d8c289e4cd.jpg,false_positive,0.057655,0.0,
FP,data/valid/images/train_597_png.rf.df13092f303aa3814117236eb6e9649b.jpg,false_positive,0.057655,0.0,
FP,data/train/images/train_301_png.rf.1035d42dd6d013869faf583a86b815af.jpg,localization_error,0.057655,0.029094,
FP,data/valid/images/train_488_png.rf.f23f8aa61e85b2be4d00fa1f8d3727b9.jpg,false_positive,0.057655,0.0,
FP,data/train/images/train_531_png.rf.689ca61ec95823c5150877d8c289e4cd.jpg,false_positive,0.057655,0.0,
FP,data/train/images/train_532_png.rf.60d070fc7ecca35b9d3fb2bf251649f1.jpg,false_positive,0.057655,0.0,
FP,data/train/images/train_531_png.rf.689ca61ec95823c5150877d8c289e4cd.jpg,false_positive,0.057655,0.0,
FP,data/train/images/train_128_png.rf.91dd5f1a7491ef69b3324d71b0969a72.jpg,false_positive,0.057655,0.0,
FP,data/train/images/train_644_png.rf.47bfac618c607e9be2f94aadd8a3fa69.jpg,false_positive,0.057655,0.0,
FP,data/valid/images/train_188_png.rf.ebf761f2ecc6c0218831fb281dde4b15.jpg,false_positive,0.057655,0.0,
FP,data/valid/images/train_200_png.rf.ee490b379e304a08eca4b790b83f423a.jpg,localization_error,0.057655,0.189773,
FP,data/train/images/train_128_png.rf.91dd5f1a7491ef69b3324d71b0969a72.jpg,false_positive,0.057655,0.0,
FP,data/train/images/train_532_png.rf.60d070fc7ecca35b9d3fb2bf251649f1.jpg,false_positive,0.057655,0.0,
FP,data/valid/images/train_156_png.rf.bf0ead8b448e5631cf95efbc2bfabf3f.jpg,false_positive,0.057655,0.0,
FP,data/train/images/train_531_png.rf.689ca61ec95823c5150877d8c289e4cd.jpg,localization_error,0.057655,0.210596,
FP,data/valid/images/train_188_png.rf.ebf761f2ecc6c0218831fb281dde4b15.jpg,false_positive,0.057655,0.0,
FP,data/train/images/train_391_png.rf.781f0586045b5482674c5a1d6de79790.jpg,localization_error,0.057655,0.026389,
FP,data/valid/images/train_200_png.rf.ee490b379e304a08eca4b790b83f423a.jpg,false_positive,0.057655,0.0,
FP,data/train/images/train_128_png.rf.91dd5f1a7491ef69b3324d71b0969a72.jpg,false_positive,0.057655,0.0,
FP,data/valid/images/train_281_png.rf.5b5d87910cd358fa94e12101c0a5bc61.jpg,false_positive,0.057655,0.0,
FP,data/train/images/train_128_png.rf.91dd5f1a7491ef69b3324d71b0969a72.jpg,false_positive,0.057655,0.0,
FP,data/train/images/train_393_png.rf.cafa1e56a0c5c293fb1359b1ad30edec.jpg,false_positive,0.057655,0.0,
FP,data/train/images/train_501_png.rf.977aeb65c869b4e2845974aea451199c.jpg,false_positive,0.057655,0.0,
FP,data/train/images/train_479_png.rf.5de2087d8b69ea10dc2bbdfa94c48544.jpg,false_positive,0.057655,0.0,
FP,data/train/images/train_479_png.rf.5de2087d8b69ea10dc2bbdfa94c48544.jpg,false_positive,0.057655,0.0,
FP,data/train/images/train_391_png.rf.781f0586045b5482674c5a1d6de79790.jpg,localization_error,0.057655,0.045339,
FP,data/train/images/train_479_png.rf.5de2087d8b69ea10dc2bbdfa94c48544.jpg,localization_error,0.057655,2.3e-05,
FP,data/valid/images/train_663_png.rf.06b7337f125cf0967596522defba0f49.jpg,false_positive,0.057655,0.0,
FP,data/train/images/train_206_png.rf.adab03495ab5a63473573f386a8915c7.jpg,false_positive,0.057655,0.0,
FP,data/train/images/train_644_png.rf.47bfac618c607e9be2f94aadd8a3fa69.jpg,false_positive,0.057655,0.0,
FP,data/valid/images/train_281_png.rf.5b5d87910cd358fa94e12101c0a5bc61.jpg,false_positive,0.057655,0.0,
FP,data/valid/images/train_281_png.rf.5b5d87910cd358fa94e12101c0a5bc61.jpg,false_positive,0.057655,0.0,
FP,data/train/images/train_644_png.rf.47bfac618c607e9be2f94aadd8a3fa69.jpg,false_positive,0.057655,0.0,
FP,data/train/images/train_501_png.rf.977aeb65c869b4e2845974aea451199c.jpg,false_positive,0.057655,0.0,
FP,data/train/images/train_644_png.rf.47bfac618c607e9be2f94aadd8a3fa69.jpg,false_positive,0.057655,0.0,
FP,data/valid/images/train_281_png.rf.5b5d87910cd358fa94e12101c0a5bc61.jpg,false_positive,0.057655,0.0,
FP,data/valid/images/train_597_png.rf.df13092f303aa3814117236eb6e9649b.jpg,false_positive,0.057655,0.0,
FP,data/valid/images/train_663_png.rf.06b7337f125cf0967596522defba0f49.jpg,false_positive,0.057655,0.0,
FP,data/train/images/train_128_png.rf.91dd5f1a7491ef69b3324d71b0969a72.jpg,false_positive,0.057655,0.0,
FP,data/train/images/train_531_png.rf.689ca61ec95823c5150877d8c289e4cd.jpg,localization_error,0.057655,0.01742,
FP,data/valid/images/train_156_png.rf.bf0ead8b448e5631cf95efbc2bfabf3f.jpg,false_positive,0.057655,0.0,
FP,data/train/images/train_391_png.rf.781f0586045b5482674c5a1d6de79790.jpg,false_positive,0.057655,0.0,
FP,data/valid/images/train_597_png.rf.df13092f303aa3814117236eb6e9649b.jpg,false_positive,0.057655,0.0,
FP,data/valid/images/train_663_png.rf.06b7337f125cf0967596522defba0f49.jpg,false_positive,0.057655,0.0,
FP,data/train/images/train_128_png.rf.91dd5f1a7491ef69b3324d71b0969a72.jpg,false_positive,0.057655,0.0,
FP,data/train/images/train_128_png.rf.91dd5f1a7491ef69b3324d71b0969a72.jpg,false_positive,0.057655,0.0,
FP,data/valid/images/train_156_png.rf.bf0ead8b448e5631cf95efbc2bfabf3f.jpg,false_positive,0.057655,0.0,
FP,data/train/images/train_531_png.rf.689ca61ec95823c5150877d8c289e4cd.jpg,false_positive,0.057655,0.0,
FP,data/valid/images/train_188_png.rf.ebf761f2ecc6c0218831fb281dde4b15.jpg,false_positive,0.057655,0.0,
FP,data/train/images/train_206_png.rf.adab03495ab5a63473573f386a8915c7.jpg,false_positive,0.057655,0.0,
FP,data/train/images/train_501_png.rf.977aeb65c869b4e2845974aea451199c.jpg,false_positive,0.057655,0.0,
FP,data/train/images/train_128_png.rf.91dd5f1a7491ef69b3324d71b0969a72.jpg,false_positive,0.057655,0.0,
FP,data/train/images/train_128_png.rf.91dd5f1a7491ef69b3324d71b0969a72.jpg,false_positive,0.057655,0.0,
FP,data/train/images/train_532_png.rf.60d070fc7ecca35b9d3fb2bf251649f1.jpg,localization_error,0.057655,0.172307,
FP,data/valid/images/train_200_png.rf.ee490b379e304a08eca4b790b83f423a.jpg,localization_error,0.057655,0.465111,
FP,data/train/images/train_644_png.rf.47bfac618c607e9be2f94aadd8a3fa69.jpg,localization_error,0.057655,0.073539,
FP,data/valid/images/train_597_png.rf.df13092f303aa3814117236eb6e9649b.jpg,false_positive,0.057655,0.0,
FP,data/train/images/train_532_png.rf.60d070fc7ecca35b9d3fb2bf251649f1.jpg,false_positive,0.057654,0.0,
FP,data/valid/images/train_281_png.rf.5b5d87910cd358fa94e12101c0a5bc61.jpg,false_positive,0.057654,0.0,
FP,data/train/images/train_393_png.rf.cafa1e56a0c5c293fb1359b1ad30edec.jpg,false_positive,0.057654,0.0,
FP,data/train/images/train_128_png.rf.91dd5f1a7491ef69b3324d71b0969a72.jpg,false_positive,0.057654,0.0,
FP,data/train/images/train_531_png.rf.689ca61ec95823c5150877d8c289e4cd.jpg,false_positive,0.057654,0.0,
FP,data/train/images/train_644_png.rf.47bfac618c607e9be2f94aadd8a3fa69.jpg,false_positive,0.057654,0.0,
FP,data/train/images/train_206_png.rf.adab03495ab5a63473573f386a8915c7.jpg,false_positive,0.057654,0.0,
FP,data/valid/images/train_281_png.rf.5b5d87910cd358fa94e12101c0a5bc61.jpg,false_positive,0.057654,0.0,
FP,data/train/images/train_670_png.rf.54e2b3cedb8d9dc3420f1c7f3ccda399.jpg,false_positive,0.057654,0.0,
FP,data/valid/images/train_663_png.rf.06b7337f125cf0967596522defba0f49.jpg,false_positive,0.057654,0.0,
FP,data/train/images/train_501_png.rf.977aeb65c869b4e2845974aea451199c.jpg,false_positive,0.057654,0.0,
FP,data/train/images/train_128_png.rf.91dd5f1a7491ef69b3324d71b0969a72.jpg,false_positive,0.057654,0.0,
FP,data/valid/images/train_281_png.rf.5b5d87910cd358fa94e12101c0a5bc61.jpg,false_positive,0.057654,0.0,
FP,data/train/images/train_532_png.rf.60d070fc7ecca35b9d3fb2bf251649f1.jpg,localization_error,0.057654,0.283644,
FP,data/train/images/train_644_png.rf.47bfac618c607e9be2f94aadd8a3fa69.jpg,false_positive,0.057654,0.0,
FP,data/valid/images/train_663_png.rf.06b7337f125cf0967596522defba0f49.jpg,false_positive,0.057654,0.0,
FP,data/train/images/train_206_png.rf.adab03495ab5a63473573f386a8915c7.jpg,false_positive,0.057654,0.0,
FP,data/valid/images/train_281_png.rf.5b5d87910cd358fa94e12101c0a5bc61.jpg,false_positive,0.057654,0.0,
FP,data/valid/images/train_488_png.rf.f23f8aa61e85b2be4d00fa1f8d3727b9.jpg,false_positive,0.057654,0.0,
FP,data/train/images/train_644_png.rf.47bfac618c607e9be2f94aadd8a3fa69.jpg,false_positive,0.057654,0.0,
FP,data/valid/images/train_281_png.rf.5b5d87910cd358fa94e12101c0a5bc61.jpg,false_positive,0.057654,0.0,
FP,data/train/images/train_501_png.rf.977aeb65c869b4e2845974aea451199c.jpg,false_positive,0.057654,0.0,
FP,data/train/images/train_532_png.rf.60d070fc7ecca35b9d3fb2bf251649f1.jpg,localization_error,0.057654,0.133358,
FP,data/train/images/train_644_png.rf.47bfac618c607e9be2f94aadd8a3fa69.jpg,false_positive,0.057654,0.0,
FP,data/train/images/train_532_png.rf.60d070fc7ecca35b9d3fb2bf251649f1.jpg,localization_error,0.057654,0.012606,
FP,data/train/images/train_670_png.rf.54e2b3cedb8d9dc3420f1c7f3ccda399.jpg,false_positive,0.057654,0.0,
FP,data/valid/images/train_281_png.rf.5b5d87910cd358fa94e12101c0a5bc61.jpg,false_positive,0.057654,0.0,
FP,data/train/images/train_670_png.rf.54e2b3cedb8d9dc3420f1c7f3ccda399.jpg,localization_error,0.057654,0.09821,
FP,data/train/images/train_301_png.rf.1035d42dd6d013869faf583a86b815af.jpg,false_positive,0.057654,0.0,
FP,data/valid/images/train_281_png.rf.5b5d87910cd358fa94e12101c0a5bc61.jpg,false_positive,0.057654,0.0,
FP,data/train/images/train_393_png.rf.cafa1e56a0c5c293fb1359b1ad30edec.jpg,false_positive,0.057654,0.0,
FP,data/valid/images/train_188_png.rf.ebf761f2ecc6c0218831fb281dde4b15.jpg,false_positive,0.057654,0.0,
FP,data/train/images/train_479_png.rf.5de2087d8b69ea10dc2bbdfa94c48544.jpg,localization_error,0.057654,0.149658,
FP,data/valid/images/train_281_png.rf.5b5d87910cd358fa94e12101c0a5bc61.jpg,false_positive,0.057654,0.0,
FP,data/train/images/train_391_png.rf.781f0586045b5482674c5a1d6de79790.jpg,false_positive,0.057654,0.0,
FP,data/train/images/train_206_png.rf.adab03495ab5a63473573f386a8915c7.jpg,false_positive,0.057654,0.0,
FP,data/train/images/train_501_png.rf.977aeb65c869b4e2845974aea451199c.jpg,false_positive,0.057654,0.0,
FP,data/train/images/train_128_png.rf.91dd5f1a7491ef69b3324d71b0969a72.jpg,false_positive,0.057654,0.0,
FP,data/train/images/train_391_png.rf.781f0586045b5482674c5a1d6de79790.jpg,false_positive,0.057654,0.0,
FP,data/train/images/train_128_png.rf.91dd5f1a7491ef69b3324d71b0969a72.jpg,false_positive,0.057654,0.0,
FP,data/train/images/train_128_png.rf.91dd5f1a7491ef69b3324d71b0969a72.jpg,false_positive,0.057654,0.0,
FP,data/valid/images/train_281_png.rf.5b5d87910cd358fa94e12101c0a5bc61.jpg,false_positive,0.057654,0.0,
FP,data/valid/images/train_281_png.rf.5b5d87910cd358fa94e12101c0a5bc61.jpg,false_positive,0.057654,0.0,
FP,data/valid/images/train_200_png.rf.ee490b379e304a08eca4b790b83f423a.jpg,localization_error,0.057654,0.444229,
FP,data/valid/images/train_663_png.rf.06b7337f125cf0967596522defba0f49.jpg,false_positive,0.057654,0.0,
FP,data/train/images/train_400_png.rf.f53a257ed63ad00d48a275c5df773aa0.jpg,false_positive,0.057654,0.0,
FP,data/train/images/train_400_png.rf.f53a257ed63ad00d48a275c5df773aa0.jpg,false_positive,0.057654,0.0,
FP,data/train/images/train_391_png.rf.781f0586045b5482674c5a1d6de79790.jpg,false_positive,0.057654,0.0,
FP,data/valid/images/train_156_png.rf.bf0ead8b448e5631cf95efbc2bfabf3f.jpg,false_positive,0.057654,0.0,
FP,data/valid/images/train_156_png.rf.bf0ead8b448e5631cf95efbc2bfabf3f.jpg,false_positive,0.057654,0.0,
FP,data/valid/images/train_488_png.rf.f23f8aa61e85b2be4d00fa1f8d3727b9.jpg,localization_error,0.057654,0.408977,
FP,data/valid/images/train_488_png.rf.f23f8aa61e85b2be4d00fa1f8d3727b9.jpg,false_positive,0.057654,0.0,
FP,data/valid/images/train_156_png.rf.bf0ead8b448e5631cf95efbc2bfabf3f.jpg,false_positive,0.057654,0.0,
FP,data/train/images/train_532_png.rf.60d070fc7ecca35b9d3fb2bf251649f1.jpg,false_positive,0.057654,0.0,
FP,data/valid/images/train_597_png.rf.df13092f303aa3814117236eb6e9649b.jpg,false_positive,0.057654,0.0,
FP,data/train/images/train_128_png.rf.91dd5f1a7491ef69b3324d71b0969a72.jpg,false_positive,0.057654,0.0,
FP,data/train/images/train_670_png.rf.54e2b3cedb8d9dc3420f1c7f3ccda399.jpg,localization_error,0.057654,0.015442,
FP,data/train/images/train_532_png.rf.60d070fc7ecca35b9d3fb2bf251649f1.jpg,localization_error,0.057654,0.180826,
FP,data/valid/images/train_188_png.rf.ebf761f2ecc6c0218831fb281dde4b15.jpg,false_positive,0.057654,0.0,
FP,data/train/images/train_393_png.rf.cafa1e56a0c5c293fb1359b1ad30edec.jpg,false_positive,0.057654,0.0,
FP,data/train/images/train_400_png.rf.f53a257ed63ad00d48a275c5df773aa0.jpg,false_positive,0.057654,0.0,
FP,data/train/images/train_479_png.rf.5de2087d8b69ea10dc2bbdfa94c48544.jpg,false_positive,0.057654,0.0,
FP,data/valid/images/train_188_png.rf.ebf761f2ecc6c0218831fb281dde4b15.jpg,false_positive,0.057654,0.0,
FP,data/valid/images/train_188_png.rf.ebf761f2ecc6c0218831fb281dde4b15.jpg,false_positive,0.057654,0.0,
FP,data/train/images/train_670_png.rf.54e2b3cedb8d9dc3420f1c7f3ccda399.jpg,false_positive,0.057654,0.0,
FP,data/valid/images/train_663_png.rf.06b7337f125cf0967596522defba0f49.jpg,false_positive,0.057654,0.0,
FP,data/valid/images/train_488_png.rf.f23f8aa61e85b2be4d00fa1f8d3727b9.jpg,false_positive,0.057654,0.0,
FP,data/train/images/train_644_png.rf.47bfac618c607e9be2f94aadd8a3fa69.jpg,false_positive,0.057654,0.0,
FP,data/valid/images/train_200_png.rf.ee490b379e304a08eca4b790b83f423a.jpg,false_positive,0.057654,0.0,
FP,data/train/images/train_301_png.rf.1035d42dd6d013869faf583a86b815af.jpg,false_positive,0.057654,0.0,
FP,data/valid/images/train_281_png.rf.5b5d87910cd358fa94e12101c0a5bc61.jpg,localization_error,0.057654,0.121223,
FP,data/train/images/train_128_png.rf.91dd5f1a7491ef69b3324d71b0969a72.jpg,false_positive,0.057654,0.0,
FP,data/train/images/train_206_png.rf.adab03495ab5a63473573f386a8915c7.jpg,false_positive,0.057654,0.0,
FP,data/train/images/train_479_png.rf.5de2087d8b69ea10dc2bbdfa94c48544.jpg,false_positive,0.057654,0.0,
FP,data/valid/images/train_281_png.rf.5b5d87910cd358fa94e12101c0a5bc61.jpg,false_positive,0.057654,0.0,
FP,data/train/images/train_479_png.rf.5de2087d8b69ea10dc2bbdfa94c48544.jpg,false_positive,0.057654,0.0,
FP,data/train/images/train_670_png.rf.54e2b3cedb8d9dc3420f1c7f3ccda399.jpg,false_positive,0.057653,0.0,
FP,data/valid/images/train_200_png.rf.ee490b379e304a08eca4b790b83f423a.jpg,localization_error,0.057653,0.650565,
FP,data/train/images/train_393_png.rf.cafa1e56a0c5c293fb1359b1ad30edec.jpg,false_positive,0.057653,0.0,
FP,data/valid/images/train_597_png.rf.df13092f303aa3814117236eb6e9649b.jpg,false_positive,0.057653,0.0,
FP,data/train/images/train_644_png.rf.47bfac618c607e9be2f94aadd8a3fa69.jpg,false_positive,0.057653,0.0,
FP,data/valid/images/train_281_png.rf.5b5d87910cd358fa94e12101c0a5bc61.jpg,false_positive,0.057653,0.0,
FP,data/valid/images/train_281_png.rf.5b5d87910cd358fa94e12101c0a5bc61.jpg,localization_error,0.057653,0.004891,
FP,data/train/images/train_501_png.rf.977aeb65c869b4e2845974aea451199c.jpg,false_positive,0.057653,0.0,
FP,data/valid/images/train_597_png.rf.df13092f303aa3814117236eb6e9649b.jpg,false_positive,0.057653,0.0,
FP,data/train/images/train_128_png.rf.91dd5f1a7491ef69b3324d71b0969a72.jpg,false_positive,0.057653,0.0,
FP,data/train/images/train_128_png.rf.91dd5f1a7491ef69b3324d71b0969a72.jpg,false_positive,0.057653,0.0,
FP,data/valid/images/train_281_png.rf.5b5d87910cd358fa94e12101c0a5bc61.jpg,localization_error,0.057653,0.094567,
FP,data/valid/images/train_663_png.rf.06b7337f125cf0967596522defba0f49.jpg,false_positive,0.057653,0.0,
FP,data/train/images/train_393_png.rf.cafa1e56a0c5c293fb1359b1ad30edec.jpg,false_positive,0.057653,0.0,
FP,data/train/images/train_206_png.rf.adab03495ab5a63473573f386a8915c7.jpg,false_positive,0.057653,0.0,
FP,data/train/images/train_479_png.rf.5de2087d8b69ea10dc2bbdfa94c48544.jpg,localization_error,0.057653,0.425397,
FP,data/valid/images/train_597_png.rf.df13092f303aa3814117236eb6e9649b.jpg,false_positive,0.057653,0.0,
FP,data/train/images/train_644_png.rf.47bfac618c607e9be2f94aadd8a3fa69.jpg,false_positive,0.057653,0.0,
FP,data/valid/images/train_488_png.rf.f23f8aa61e85b2be4d00fa1f8d3727b9.jpg,localization_error,0.057653,0.049724,
FP,data/train/images/train_301_png.rf.1035d42dd6d013869faf583a86b815af.jpg,false_positive,0.057653,0.0,
FP,data/train/images/train_532_png.rf.60d070fc7ecca35b9d3fb2bf251649f1.jpg,false_positive,0.057653,0.0,
FP,data/train/images/train_479_png.rf.5de2087d8b69ea10dc2bbdfa94c48544.jpg,false_positive,0.057653,0.0,
FP,data/train/images/train_128_png.rf.91dd5f1a7491ef69b3324d71b0969a72.jpg,false_positive,0.057653,0.0,
FP,data/train/images/train_391_png.rf.781f0586045b5482674c5a1d6de79790.jpg,localization_error,0.057653,0.113027,
FP,data/train/images/train_501_png.rf.977aeb65c869b4e2845974aea451199c.jpg,false_positive,0.057653,0.0,
FP,data/train/images/train_532_png.rf.60d070fc7ecca35b9d3fb2bf251649f1.jpg,false_positive,0.057653,0.0,
FP,data/train/images/train_644_png.rf.47bfac618c607e9be2f94aadd8a3fa69.jpg,localization_error,0.057653,0.101385,
FP,data/train/images/train_670_png.rf.54e2b3cedb8d9dc3420f1c7f3ccda399.jpg,false_positive,0.057653,0.0,
FP,data/train/images/train_532_png.rf.60d070fc7ecca35b9d3fb2bf251649f1.jpg,localization_error,0.057653,0.167558,
FP,data/train/images/train_479_png.rf.5de2087d8b69ea10dc2bbdfa94c48544.jpg,false_positive,0.057653,0.0,
FP,data/train/images/train_644_png.rf.47bfac618c607e9be2f94aadd8a3fa69.jpg,false_positive,0.057653,0.0,
FP,data/train/images/train_206_png.rf.adab03495ab5a63473573f386a8915c7.jpg,false_positive,0.057653,0.0,
FP,data/train/images/train_479_png.rf.5de2087d8b69ea10dc2bbdfa94c48544.jpg,localization_error,0.057653,0.001069,
FP,data/valid/images/train_597_png.rf.df13092f303aa3814117236eb6e9649b.jpg,false_positive,0.057653,0.0,
FP,data/valid/images/train_188_png.rf.ebf761f2ecc6c0218831fb281dde4b15.jpg,false_positive,0.057653,0.0,
FP,data/train/images/train_206_png.rf.adab03495ab5a63473573f386a8915c7.jpg,false_positive,0.057653,0.0,
FP,data/train/images/train_479_png.rf.5de2087d8b69ea10dc2bbdfa94c48544.jpg,false_positive,0.057653,0.0,
FP,data/train/images/train_531_png.rf.689ca61ec95823c5150877d8c289e4cd.jpg,false_positive,0.057653,0.0,
FP,data/train/images/train_128_png.rf.91dd5f1a7491ef69b3324d71b0969a72.jpg,false_positive,0.057653,0.0,
FP,data/train/images/train_391_png.rf.781f0586045b5482674c5a1d6de79790.jpg,false_positive,0.057653,0.0,
FP,data/train/images/train_501_png.rf.977aeb65c869b4e2845974aea451199c.jpg,false_positive,0.057653,0.0,
FP,data/train/images/train_532_png.rf.60d070fc7ecca35b9d3fb2bf251649f1.jpg,false_positive,0.057653,0.0,
FP,data/train/images/train_670_png.rf.54e2b3cedb8d9dc3420f1c7f3ccda399.jpg,localization_error,0.057653,0.030718,
FP,data/train/images/train_644_png.rf.47bfac618c607e9be2f94aadd8a3fa69.jpg,false_positive,0.057653,0.0,
FP,data/train/images/train_128_png.rf.91dd5f1a7491ef69b3324d71b0969a72.jpg,false_positive,0.057653,0.0,
FP,data/valid/images/train_188_png.rf.ebf761f2ecc6c0218831fb281dde4b15.jpg,false_positive,0.057653,0.0,
FP,data/train/images/train_393_png.rf.cafa1e56a0c5c293fb1359b1ad30edec.jpg,false_positive,0.057653,0.0,
FP,data/train/images/train_501_png.rf.977aeb65c869b4e2845974aea451199c.jpg,false_positive,0.057653,0.0,
FP,data/train/images/train_128_png.rf.91dd5f1a7491ef69b3324d71b0969a72.jpg,false_positive,0.057653,0.0,
FP,data/train/images/train_501_png.rf.977aeb65c869b4e2845974aea451199c.jpg,false_positive,0.057653,0.0,
FP,data/valid/images/train_597_png.rf.df13092f303aa3814117236eb6e9649b.jpg,false_positive,0.057653,0.0,
FP,data/valid/images/train_663_png.rf.06b7337f125cf0967596522defba0f49.jpg,false_positive,0.057653,0.0,
FP,data/train/images/train_532_png.rf.60d070fc7ecca35b9d3fb2bf251649f1.jpg,false_positive,0.057653,0.0,
FP,data/valid/images/train_200_png.rf.ee490b379e304a08eca4b790b83f423a.jpg,false_positive,0.057653,0.0,
FP,data/valid/images/train_281_png.rf.5b5d87910cd358fa94e12101c0a5bc61.jpg,localization_error,0.057653,0.235757,
FP,data/train/images/train_501_png.rf.977aeb65c869b4e2845974aea451199c.jpg,false_positive,0.057653,0.0,
FP,data/train/images/train_128_png.rf.91dd5f1a7491ef69b3324d71b0969a72.jpg,false_positive,0.057653,0.0,
FP,data/train/images/train_479_png.rf.5de2087d8b69ea10dc2bbdfa94c48544.jpg,false_positive,0.057653,0.0,
FP,data/train/images/train_670_png.rf.54e2b3cedb8d9dc3420f1c7f3ccda399.jpg,false_positive,0.057653,0.0,
FP,data/train/images/train_532_png.rf.60d070fc7ecca35b9d3fb2bf251649f1.jpg,false_positive,0.057653,0.0,
FP,data/train/images/train_670_png.rf.54e2b3cedb8d9dc3420f1c7f3ccda399.jpg,false_positive,0.057653,0.0,
FP,data/valid/images/train_156_png.rf.bf0ead8b448e5631cf95efbc2bfabf3f.jpg,false_positive,0.057653,0.0,
FP,data/valid/images/train_188_png.rf.ebf761f2ecc6c0218831fb281dde4b15.jpg,false_positive,0.057653,0.0,
FP,data/train/images/train_206_png.rf.adab03495ab5a63473573f386a8915c7.jpg,false_positive,0.057653,0.0,
FP,data/train/images/train_531_png.rf.689ca61ec95823c5150877d8c289e4cd.jpg,false_positive,0.057653,0.0,
FP,data/train/images/train_531_png.rf.689ca61ec95823c5150877d8c289e4cd.jpg,false_positive,0.057653,0.0,
FP,data/valid/images/train_188_png.rf.ebf761f2ecc6c0218831fb281dde4b15.jpg,false_positive,0.057653,0.0,
FP,data/valid/images/train_188_png.rf.ebf761f2ecc6c0218831fb281dde4b15.jpg,false_positive,0.057653,0.0,
FP,data/train/images/train_670_png.rf.54e2b3cedb8d9dc3420f1c7f3ccda399.jpg,false_positive,0.057653,0.0,
FP,data/train/images/train_644_png.rf.47bfac618c607e9be2f94aadd8a3fa69.jpg,false_positive,0.057653,0.0,
FP,data/train/images/train_479_png.rf.5de2087d8b69ea10dc2bbdfa94c48544.jpg,false_positive,0.057653,0.0,
FP,data/valid/images/train_597_png.rf.df13092f303aa3814117236eb6e9649b.jpg,false_positive,0.057653,0.0,
FP,data/train/images/train_128_png.rf.91dd5f1a7491ef69b3324d71b0969a72.jpg,false_positive,0.057653,0.0,
FP,data/train/images/train_644_png.rf.47bfac618c607e9be2f94aadd8a3fa69.jpg,false_positive,0.057653,0.0,
FP,data/train/images/train_400_png.rf.f53a257ed63ad00d48a275c5df773aa0.jpg,false_positive,0.057653,0.0,
FP,data/valid/images/train_200_png.rf.ee490b379e304a08eca4b790b83f423a.jpg,false_positive,0.057653,0.0,
FP,data/valid/images/train_597_png.rf.df13092f303aa3814117236eb6e9649b.jpg,false_positive,0.057653,0.0,
FP,data/valid/images/train_156_png.rf.bf0ead8b448e5631cf95efbc2bfabf3f.jpg,false_positive,0.057653,0.0,
FP,data/train/images/train_128_png.rf.91dd5f1a7491ef69b3324d71b0969a72.jpg,false_positive,0.057653,0.0,
FP,data/valid/images/train_488_png.rf.f23f8aa61e85b2be4d00fa1f8d3727b9.jpg,false_positive,0.057653,0.0,
FP,data/train/images/train_206_png.rf.adab03495ab5a63473573f386a8915c7.jpg,false_positive,0.057653,0.0,
FP,data/train/images/train_531_png.rf.689ca61ec95823c5150877d8c289e4cd.jpg,false_positive,0.057653,0.0,
FP,data/train/images/train_128_png.rf.91dd5f1a7491ef69b3324d71b0969a72.jpg,false_positive,0.057653,0.0,
FP,data/train/images/train_206_png.rf.adab03495ab5a63473573f386a8915c7.jpg,false_positive,0.057653,0.0,
FP,data/train/images/train_393_png.rf.cafa1e56a0c5c293fb1359b1ad30edec.jpg,false_positive,0.057653,0.0,
FP,data/train/images/train_479_png.rf.5de2087d8b69ea10dc2bbdfa94c48544.jpg,false_positive,0.057653,0.0,
FP,data/valid/images/train_156_png.rf.bf0ead8b448e5631cf95efbc2bfabf3f.jpg,false_positive,0.057653,0.0,
FP,data/train/images/train_670_png.rf.54e2b3cedb8d9dc3420f1c7f3ccda399.jpg,false_positive,0.057653,0.0,
FP,data/valid/images/train_200_png.rf.ee490b379e304a08eca4b790b83f423a.jpg,false_positive,0.057653,0.0,
FP,data/train/images/train_479_png.rf.5de2087d8b69ea10dc2bbdfa94c48544.jpg,false_positive,0.057653,0.0,
FP,data/train/images/train_128_png.rf.91dd5f1a7491ef69b3324d71b0969a72.jpg,false_positive,0.057653,0.0,
FP,data/train/images/train_206_png.rf.adab03495ab5a63473573f386a8915c7.jpg,false_positive,0.057653,0.0,
FP,data/train/images/train_501_png.rf.977aeb65c869b4e2845974aea451199c.jpg,false_positive,0.057653,0.0,
FP,data/train/images/train_531_png.rf.689ca61ec95823c5150877d8c289e4cd.jpg,false_positive,0.057653,0.0,
FP,data/valid/images/train_281_png.rf.5b5d87910cd358fa94e12101c0a5bc61.jpg,false_positive,0.057653,0.0,
FP,data/train/images/train_128_png.rf.91dd5f1a7491ef69b3324d71b0969a72.jpg,false_positive,0.057653,0.0,
FP,data/train/images/train_128_png.rf.91dd5f1a7491ef69b3324d71b0969a72.jpg,false_positive,0.057653,0.0,
FP,data/valid/images/train_156_png.rf.bf0ead8b448e5631cf95efbc2bfabf3f.jpg,false_positive,0.057653,0.0,
FP,data/train/images/train_670_png.rf.54e2b3cedb8d9dc3420f1c7f3ccda399.jpg,false_positive,0.057653,0.0,
FP,data/valid/images/train_663_png.rf.06b7337f125cf0967596522defba0f49.jpg,localization_error,0.057653,0.413642,
FP,data/train/images/train_644_png.rf.47bfac618c607e9be2f94aadd8a3fa69.jpg,false_positive,0.057652,0.0,
FP,data/train/images/train_531_png.rf.689ca61ec95823c5150877d8c289e4cd.jpg,localization_error,0.057652,0.061651,
FP,data/valid/images/train_597_png.rf.df13092f303aa3814117236eb6e9649b.jpg,false_positive,0.057652,0.0,
FP,data/train/images/train_391_png.rf.781f0586045b5482674c5a1d6de79790.jpg,false_positive,0.057652,0.0,
FP,data/train/images/train_128_png.rf.91dd5f1a7491ef69b3324d71b0969a72.jpg,false_positive,0.057652,0.0,
FP,data/train/images/train_644_png.rf.47bfac618c607e9be2f94aadd8a3fa69.jpg,false_positive,0.057652,0.0,
FP,data/train/images/train_128_png.rf.91dd5f1a7491ef69b3324d71b0969a72.jpg,false_positive,0.057652,0.0,
FP,data/train/images/train_644_png.rf.47bfac618c607e9be2f94aadd8a3fa69.jpg,false_positive,0.057652,0.0,
FP,data/valid/images/train_200_png.rf.ee490b379e304a08eca4b790b83f423a.jpg,false_positive,0.057652,0.0,
FP,data/train/images/train_128_png.rf.91dd5f1a7491ef69b3324d71b0969a72.jpg,false_positive,0.057652,0.0,
FP,data/train/images/train_644_png.rf.47bfac618c607e9be2f94aadd8a3fa69.jpg,localization_error,0.057652,0.043223,
FP,data/train/images/train_367_png.rf.d81051d756a60a7c8bf04b47df9ef182.jpg,false_positive,0.057652,0.0,
FP,data/train/images/train_531_png.rf.689ca61ec95823c5150877d8c289e4cd.jpg,false_positive,0.057652,0.0,
FP,data/train/images/train_644_png.rf.47bfac618c607e9be2f94aadd8a3fa69.jpg,false_positive,0.057652,0.0,
FP,data/train/images/train_128_png.rf.91dd5f1a7491ef69b3324d71b0969a72.jpg,false_positive,0.057652,0.0,
FP,data/train/images/train_391_png.rf.781f0586045b5482674c5a1d6de79790.jpg,localization_error,0.057652,0.033786,
FP,data/train/images/train_206_png.rf.adab03495ab5a63473573f386a8915c7.jpg,false_positive,0.057652,0.0,
FP,data/valid/images/train_188_png.rf.ebf761f2ecc6c0218831fb281dde4b15.jpg,false_positive,0.057652,0.0,
FP,data/train/images/train_301_png.rf.1035d42dd6d013869faf583a86b815af.jpg,false_positive,0.057652,0.0,
FP,data/train/images/train_391_png.rf.781f0586045b5482674c5a1d6de79790.jpg,localization_error,0.057652,0.126088,
FP,data/train/images/train_400_png.rf.f53a257ed63ad00d48a275c5df773aa0.jpg,localization_error,0.057652,0.264859,
FP,data/train/images/train_479_png.rf.5de2087d8b69ea10dc2bbdfa94c48544.jpg,false_positive,0.057652,0.0,
FP,data/train/images/train_479_png.rf.5de2087d8b69ea10dc2bbdfa94c48544.jpg,localization_error,0.057652,0.002501,
FN,data/train/images/train_128_png.rf.91dd5f1a7491ef69b3324d71b0969a72.jpg,false_negative,0.0,0.0,
FN,data/train/images/train_301_png.rf.1035d42dd6d013869faf583a86b815af.jpg,false_negative,0.0,0.0,
FN,data/train/images/train_301_png.rf.1035d42dd6d013869faf583a86b815af.jpg,false_negative,0.0,0.0,
FN,data/train/images/train_367_png.rf.d81051d756a60a7c8bf04b47df9ef182.jpg,false_negative,0.0,0.0,
FN,data/train/images/train_391_png.rf.781f0586045b5482674c5a1d6de79790.jpg,false_negative,0.0,0.0,
FN,data/train/images/train_393_png.rf.cafa1e56a0c5c293fb1359b1ad30edec.jpg,false_negative,0.0,0.0,
FN,data/train/images/train_400_png.rf.f53a257ed63ad00d48a275c5df773aa0.jpg,false_negative,0.0,0.0,
FN,data/train/images/train_479_png.rf.5de2087d8b69ea10dc2bbdfa94c48544.jpg,false_negative,0.0,0.0,
FN,data/train/images/train_501_png.rf.977aeb65c869b4e2845974aea451199c.jpg,false_negative,0.0,0.0,
FN,data/train/images/train_531_png.rf.689ca61ec95823c5150877d8c289e4cd.jpg,false_negative,0.0,0.0,
FN,data/train/images/train_532_png.rf.60d070fc7ecca35b9d3fb2bf251649f1.jpg,false_negative,0.0,0.0,
FN,data/train/images/train_532_png.rf.60d070fc7ecca35b9d3fb2bf251649f1.jpg,false_negative,0.0,0.0,
FN,data/train/images/train_532_png.rf.60d070fc7ecca35b9d3fb2bf251649f1.jpg,false_negative,0.0,0.0,
FN,data/train/images/train_644_png.rf.47bfac618c607e9be2f94aadd8a3fa69.jpg,false_negative,0.0,0.0,
FN,data/train/images/train_670_png.rf.54e2b3cedb8d9dc3420f1c7f3ccda399.jpg,false_negative,0.0,0.0,
FN,data/train/images/train_670_png.rf.54e2b3cedb8d9dc3420f1c7f3ccda399.jpg,false_negative,0.0,0.0,
FN,data/valid/images/train_156_png.rf.bf0ead8b448e5631cf95efbc2bfabf3f.jpg,false_negative,0.0,0.0,
FN,data/valid/images/train_188_png.rf.ebf761f2ecc6c0218831fb281dde4b15.jpg,false_negative,0.0,0.0,
FN,data/valid/images/train_200_png.rf.ee490b379e304a08eca4b790b83f423a.jpg,false_negative,0.0,0.0,
FN,data/valid/images/train_200_png.rf.ee490b379e304a08eca4b790b83f423a.jpg,false_negative,0.0,0.0,
FN,data/valid/images/train_200_png.rf.ee490b379e304a08eca4b790b83f423a.jpg,false_negative,0.0,0.0,
FN,data/valid/images/train_281_png.rf.5b5d87910cd358fa94e12101c0a5bc61.jpg,false_negative,0.0,0.0,
FN,data/valid/images/train_488_png.rf.f23f8aa61e85b2be4d00fa1f8d3727b9.jpg,false_negative,0.0,0.0,
FN,data/valid/images/train_597_png.rf.df13092f303aa3814117236eb6e9649b.jpg,false_negative,0.0,0.0,
FN,data/valid/images/train_663_png.rf.06b7337f125cf0967596522defba0f49.jpg,false_negative,0.0,0.0,
